1 75 6 1 69 none
3 56 28 1 61 none
3 50 18 1 61 none
5 69 21 1 30 none
5 24 10 0 51 none
7 36 27 1 50 none
7 95 11 0 61 none
8 71 15 0 75 none
9 55 30 0 55 none
9 75 17 1 49 none
10 69 28 0 40 none
10 0 28 0 61 none
11 25 27 1 47 none
12 94 30 0 22 none
12 20 29 1 76 none
12 44 19 0 40 none
13 25 24 1 64 none
14 55 31 0 34 none
15 45 14 0 53 none
20 85 12 0 44 none
22 40 16 1 49 none
24 85 22 0 43 none
26 85 13 1 72 none
26 40 26 0 60 none
27 96 0 1 55 none
27 40 22 0 53 none
29 70 33 0 68 none
30 75 25 0 53 none
32 84 15 1 40 none
33 69 21 1 40 none
34 44 24 0 66 none
39 86 6 0 48 none
40 70 22 0 63 none
40 100 14 1 48 none
41 50 8 0 80 none
42 20 35 0 63 none
45 45 17 1 49 none
47 25 10 1 53 none
49 74 27 0 56 none
50 70 14 1 26 none
51 70 11 1 46 none
55 95 33 1 24 none
57 0 19 1 31 none
59 50 21 1 46 none
60 65 7 1 60 none
61 64 30 1 34 none
62 66 15 1 17 none
64 45 11 1 11 none
