1 95 24 1  48 none
2 0 24 0 52 none
3 61 19 1 47 none
8 50 31 0 45 none
8 36 24 0 62 none
11 55 33 0 58 none
15 94 32 1 65 none
16 70 30 1 50 none
18 44 27 0 56 none
20 30 25 0 39 none
20 65 22 0 31 none
21 69 11 1 56 none
24 85 15 0 73 none
27 64 19 1 42 none
30 45 22 1 57 none
34 66 26 0 70 none
35 70 27 1 19 none
36 41 28 1 37 none
44 55 17 0 42 none
45 65 20 0 16 none
48 40 19 1 54 none
49 55 25 0 64 none
51 69 31 1 60 none
51 84 18 1 56 none
53 89 20 0 51 none
53 70 28 1 36 none
55 65 13 1 84 none
57 44 13 1 40 none
57 55 33 0 64 none
57 61 20 1 73 none
58 45 24 0 44 none
61 20 6 0 86 none
62 75 24 1 49 none
63 65 9 1 39 none
66 20 26 1 44 none
