1 36 11 1 44 none
4 61 22 0 31 none
5 45 21 0 48 none
5 64 23 1 63 none
5 36 11 1 63 none
6 75 26 0 48 none
12 45 24 1 28 none
13 70 37 1 32 none
13 36 27 0 69 none
14 91 18 1 20 none
15 49 19 0 57 none
19 66 28 1 50 none
20 66 30 0 40 none
21 69 10 0 39 none
22 66 11 0 61 none
25 46 12 1 70 none
26 16 9 0 58 none
27 80 19 1 31 none
28 95 11 1 54 none
30 69 13 1 66 none
31 66 13 1 72 none
31 65 27 1 59 none
34 44 27 1 28 none
36 65 32 0 48 none
37 44 33 1 31 none
38 80 28 1 45 none
39 41 24 1 52 none
41 40 19 0 45 none
41 40 12 1 55 none
42 46 26 1 32 none
46 61 32 0 50 none
47 45 25 1 39 none
52 46 20 0 40 none
53 85 14 1 43 none
54 74 23 1 42 none
56 61 22 1 46 none
63 94 12 0 43 none
65 69 25 1 46 none
65 75 5 1 34 none
