1 66 24 0 13 none
6 75 19 1 38 none
7 66 22 0 53 none
13 64 10 0 40 none
14 69 31 1 36 none
16 96 27 0 41 none
17 45 18 1 39 none
17 20 28 0 48 none
21 85 23 0 62 none
22 50 17 0 49 none
25 80 25 0 77 none
25 95 13 1 52 none
27 90 29 1 29 none
27 50 23 0 67 none
32 80 27 1 45 none
34 69 19 1 60 none
36 25 11 1 47 none
37 61 22 0 38 none
37 70 21 1 79 none
37 69 22 0 44 none
38 50 26 1 80 none
38 90 18 0 28 none
44 50 20 1 61 none
45 50 17 0 61 none
45 64 19 1 72 none
46 60 22 1 43 none
47 50 17 1 53 none
52 50 12 1 79 none
53 41 29 1 67 none
54 41 31 1 50 none
55 44 29 0 29 none
57 49 20 0 40 none
59 65 21 1 38 none
60 75 16 1 39 none
64 45 17 0 29 none
66 91 5 0 40 none
