3 50 18 0 64 none
6 40 19 1 59 none
6 65 27 0 46 none
14 91 20 0 50 none
15 46 26 0 76 none
17 50 24 1 60 none
17 44 14 0 72 none
18 24 22 0 43 none
18 71 21 0 17 none
18 61 15 0 54 none
19 64 14 1 48 none
21 24 23 1 45 none
22 96 23 1 59 none
23 65 19 1 36 none
23 64 26 1 42 none
24 49 13 0 46 none
24 71 23 0 69 none
26 65 19 1 63 none
28 69 24 0 57 none
29 91 21 1 38 none
31 24 33 1 47 none
32 66 43 0 35 none
33 0 18 0 32 none
33 94 16 1 40 none
34 0 23 1 77 none
35 61 31 0 39 none
39 20 22 0 29 none
40 91 35 1 52 none
40 40 14 0 58 none
40 25 32 1 58 none
42 45 22 1 69 none
43 45 26 0 62 none
44 46 21 1 53 none
44 80 24 1 72 none
47 89 18 1 68 none
48 64 12 1 57 none
49 70 11 1 46 none
51 66 19 1 60 none
52 75 8 1 36 none
56 49 21 1 31 none
59 16 23 1 68 none
60 91 12 0 56 none
61 66 20 0 49 none
62 40 20 0 28 none
63 50 17 0 38 none
63 70 16 1 41 none
65 70 14 1 44 none
