2 41 38 1 51 none
2 16 31 1 60 none
2 65 35 0 43 none
4 44 18 1 56 none
11 95 12 0 63 none
14 90 20 0 58 none
15 65 13 1 51 none
18 64 12 1 65 none
25 75 24 1 43 none
26 45 36 0 49 none
28 55 25 0 57 none
30 55 24 1 33 none
31 24 18 1 26 none
33 44 43 1 39 none
40 85 30 1 36 none
43 24 12 0 81 none
45 30 12 1 51 none
48 45 26 0 30 none
49 40 29 1 60 none
50 66 3 1 54 none
54 50 18 1 64 none
56 75 9 1 68 none
58 44 23 0 70 none
60 49 19 0 78 none
60 49 18 1 45 none
62 45 17 1 55 none
63 45 35 0 39 none
65 24 26 1 33 none
66 75 24 0 66 none
66 55 15 1 33 none
