1 64 34 0 28 none
2 69 25 1 42 none
3 65 13 1 60 none
4 69 12 0 69 none
7 40 12 1 24 none
8 49 22 0 68 none
10 86 24 1 32 none
10 40 30 1 40 none
11 45 10 0 38 none
11 60 20 0 49 none
13 45 20 1 49 none
16 69 7 0 36 none
19 36 27 1 51 none
20 65 21 1 58 none
21 69 29 1 69 none
23 100 23 1 45 none
24 69 20 1 47 none
28 40 30 0 35 none
28 75 23 1 58 none
29 36 18 1 40 none
30 50 12 0 48 none
31 61 16 1 48 none
35 75 21 0 42 none
36 41 30 0 44 none
36 95 14 1 32 none
37 85 10 1 58 none
38 95 26 1 63 none
38 44 29 1 53 none
39 69 16 0 64 none
41 91 34 1 60 none
41 40 16 1 40 none
43 56 23 1 44 none
46 49 17 1 49 none
46 41 30 1 64 none
47 80 21 1 18 none
52 65 12 0 26 none
52 75 20 0 68 none
53 45 11 0 41 none
55 70 23 1 35 none
61 60 30 1 63 none
61 80 12 0 27 none
62 41 25 1 66 none
64 60 23 1 62 none
64 96 37 0 37 none
66 64 15 0 57 none

