3 41 17 1 44 none
4 65 13 0 30 none
5 91 31 0 39 none
6 20 30 0 56 none
8 75 20 1 60 none
9 36 13 1 43 none
9 41 32 1 61 none
12 71 18 0 60 none
16 50 15 0 59 none
16 80 19 0 79 none
17 49 26 0 44 none
18 60 16 0 81 none
19 49 14 0 25 none
20 60 21 1 41 none
22 60 12 0 47 none
23 61 23 1 37 none
25 91 25 0 42 none
26 20 36 1 38 none
29 20 23 0 59 none
30 65 28 1 67 none
31 64 26 1 56 none
34 36 36 1 43 none
35 69 25 0 30 none
35 45 24 0 83 none
41 25 19 0 39 none
43 90 24 0 51 none
44 75 16 0 68 none
47 89 21 1 31 none
48 70 17 0 38 none
49 0 21 0 39 none
50 20 35 1 74 none
50 65 23 0 52 none
53 69 33 0 29 none
54 70 14 0 53 none
54 41 22 0 33 none
54 60 33 1 33 none
58 46 19 1 63 none
61 94 17 1 50 none
63 45 19 1 43 none
65 40 25 1 44 none
65 20 22 0 51 none
66 86 17 0 76 none

