1 65 27 1 68 none
4 69 28 0 81 none
6 45 34 0 63 none
9 75 22 0 47 none
10 70 22 0 38 none
13 85 18 0 57 none
15 45 26 1 48 none
16 45 18 1 56 none
19 44 31 1 63 none
21 71 28 0 69 none
23 40 30 1 67 none
24 95 13 0 64 none
29 100 19 1 67 none
32 55 29 0 33 none
33 95 25 0 49 none
37 89 36 1 47 none
43 70 27 1 36 none
48 55 40 0 26 none
49 64 20 0 72 none
50 41 15 0 55 none
52 36 13 1 52 none
56 64 31 1 30 none
56 91 26 1 24 none
57 61 10 0 48 none
58 50 15 0 45 none
58 20 19 1 39 none
58 65 18 0 94 none
60 85 29 1 58 none
64 70 33 0 51 none

