2 36 24 1 50 none
4 61 16 1 39 none
7 45 20 0 77 none
7 64 6 0 68 none
8 45 23 0 50 none
9 60 7 0 58 none
10 50 29 0 28 none
11 75 27 1 39 none
12 46 22 0 29 none
14 65 9 0 46 none
17 71 16 1 55 none
19 75 39 1 55 none
22 50 25 0 47 none
23 70 13 0 27 none
25 70 28 1 83 none
28 80 5 1 51 none
29 71 28 1 37 none
32 85 31 0 54 none
32 70 28 1 41 none
33 85 9 0 56 none
35 46 13 0 45 none
36 75 23 0 68 none
38 44 23 1 40 none
39 90 20 0 59 none
39 41 27 0 46 none
42 66 19 0 42 none
42 80 14 0 51 none
42 55 8 0 40 none
43 16 11 1 37 none
44 94 25 0 66 none
45 91 17 1 51 none
46 71 32 1 50 none
46 66 21 1 90 none
48 66 14 0 53 none
50 49 27 0 32 none
51 75 23 0 56 none
51 40 21 1 58 none
55 44 18 0 54 none
55 44 23 0 45 none
56 40 20 1 30 none
59 49 22 1 64 none
59 89 24 1 57 none
59 66 19 0 39 none
62 24 5 1 51 none
64 44 13 0 59 none

